Webots Project File version R2019a
perspectives: 000000ff00000000fd000000030000000000000228000003d5fc0100000002fb0000001e00480074006d006c0052006f0062006f007400570069006e0064006f00770000000000000002280000000000000000fb0000001a0044006f00630075006d0065006e0074006100740069006f006e0000000000ffffffff0000006900ffffff00000001000002bb000002effc0200000001fb0000001400540065007800740045006400690074006f007202000004c50000004d000002bb000002ef000000030000073d000000e4fc0100000001fb0000000e0043006f006e0073006f006c006501000000000000073d0000006900ffffff0000073d000002ef00000001000000020000000100000008fc00000000
simulationViewPerspectives: 000000ff000000010000000200000145000005f60100000002010000000101
sceneTreePerspectives: 000000ff000000010000000200000287000000fa0100000002010000000201
minimizedPerspectives: 000000ff00000000fd000000030000000000000069000003d5fc0100000002fb0000001e00480074006d006c0052006f0062006f007400570069006e0064006f00770000000000000000690000000000000000fb0000001a0044006f00630075006d0065006e0074006100740069006f006e0000000000ffffffff0000006900ffffff0000000100000244000002ecfc0200000001fb0000001400540065007800740045006400690074006f00720000000016000002ec0000003f00ffffff000000030000068d000000b7fc0100000001fb0000000e0043006f006e0073006f006c006503000000f30000022c0000068d000000b70000068d0000021000000001000000020000000100000008fc00000000
maximizedDockId: -1
centralWidgetVisible: 1
selectionDisabled: 0
viewpointLocked: 0
orthographicViewHeight: 1
textFiles: 0 "protos/Nao.proto"
globalOptionalRendering: CoordinateSystem
centerOfMass: NAO
renderingDevicePerspectives: NAO:CameraBottom;0;1;0;0.491667
renderingDevicePerspectives: NAO:CameraTop;0;1;0;0
renderingDevicePerspectives: NAO:ClockDisplay;1;1.51667;0;0
